X-DSPAM-Confidence: 0.326173
X-DSPAM-Confidence: 0.354346
X-DSPAM-Confidence: 0.073223
X-DSPAM-Confidence: 0.578769